16 0.176042 0.513889 0.115625 0.264815
16 0.193490 0.789815 0.129688 0.264815
16 0.379167 0.431944 0.088542 0.236111
16 0.477344 0.425463 0.076563 0.234259
16 0.566667 0.519907 0.083333 0.271296
16 0.634635 0.374537 0.059896 0.208333
16 0.713802 0.438426 0.083854 0.226852
16 0.762240 0.325463 0.078646 0.226852
16 0.851302 0.240278 0.078646 0.223148
16 0.667188 0.227778 0.050000 0.164815
16 0.597135 0.275000 0.075521 0.187037
16 0.504427 0.269444 0.063021 0.179630
16 0.392448 0.226852 0.082812 0.185185
16 0.465365 0.092130 0.075521 0.156481
16 0.586719 0.129630 0.066146 0.157407
