16 0.257292 0.459722 0.104167 0.237963
16 0.372135 0.300463 0.095312 0.226852
16 0.487500 0.214815 0.075000 0.183333
16 0.566406 0.264815 0.078646 0.185185
16 0.690104 0.301852 0.057292 0.190741
16 0.661198 0.463426 0.082812 0.245370
16 0.706510 0.203704 0.058854 0.179630
16 0.598958 0.115741 0.064583 0.174074
16 0.754167 0.073148 0.060417 0.144444
16 0.855208 0.182407 0.072917 0.216667
16 0.783594 0.656481 0.074479 0.285185
16 0.934375 0.653241 0.112500 0.308333
16 0.710156 0.840741 0.117188 0.290741
16 0.608594 0.707870 0.073438 0.312037
16 0.551823 0.545370 0.072396 0.244444
16 0.430469 0.545370 0.082812 0.266667
16 0.365625 0.820370 0.093750 0.316667
16 0.485417 0.900926 0.105208 0.198148
16 0.208594 0.899537 0.170313 0.200926
