16 0.196094 0.468056 0.088021 0.232407
16 0.240885 0.706944 0.109896 0.291667
16 0.392448 0.381019 0.091146 0.213889
16 0.489844 0.373611 0.079687 0.217593
16 0.567708 0.462963 0.076042 0.261111
16 0.407031 0.189815 0.082812 0.168519
16 0.476823 0.086111 0.049479 0.168519
16 0.509375 0.227778 0.059375 0.168519
16 0.599479 0.245833 0.040625 0.158333
16 0.636198 0.330093 0.060937 0.210185
16 0.710677 0.381019 0.073438 0.254630
16 0.760156 0.279167 0.072396 0.247222
16 0.838281 0.203241 0.071354 0.195370
16 0.673438 0.197685 0.056250 0.156481
16 0.596354 0.100463 0.046875 0.136111
