16 0.195573 0.444907 0.091146 0.221296
16 0.274479 0.645370 0.114583 0.255556
16 0.401302 0.337500 0.079687 0.232407
16 0.497656 0.340278 0.066146 0.197222
16 0.575781 0.437500 0.069271 0.225000
16 0.638021 0.302315 0.048958 0.212037
16 0.715885 0.326852 0.073438 0.200000
16 0.765885 0.237963 0.071354 0.188889
16 0.838281 0.175926 0.073438 0.211111
16 0.669271 0.171296 0.033333 0.164815
16 0.606510 0.220370 0.039062 0.168519
16 0.516667 0.213889 0.061458 0.170370
16 0.432812 0.175926 0.065625 0.200000
16 0.482812 0.063426 0.046875 0.115741
16 0.589063 0.086111 0.055208 0.129630
16 0.677344 0.060648 0.038021 0.113889
