16 0.185938 0.488426 0.110417 0.217593
16 0.233333 0.720370 0.113542 0.275926
16 0.388021 0.383796 0.067708 0.230556
16 0.405990 0.177778 0.082812 0.211111
16 0.475260 0.080556 0.053646 0.133333
16 0.482031 0.384722 0.069271 0.232407
16 0.563281 0.476389 0.076563 0.234259
16 0.509896 0.223611 0.068750 0.136111
16 0.603646 0.256481 0.048958 0.187037
16 0.644271 0.347685 0.065625 0.212037
16 0.716406 0.395833 0.070312 0.225000
16 0.772396 0.284259 0.062500 0.179630
16 0.846094 0.208333 0.080729 0.188889
16 0.679948 0.210648 0.060937 0.160185
16 0.588542 0.104167 0.047917 0.136111
16 0.678125 0.108796 0.061458 0.137963
