16 0.183073 0.511574 0.086979 0.225000
16 0.219271 0.742593 0.108333 0.290741
16 0.386979 0.400000 0.087500 0.209259
16 0.485938 0.395833 0.063542 0.217593
16 0.570573 0.487500 0.085938 0.234259
16 0.635938 0.370833 0.048958 0.226852
16 0.719792 0.398148 0.061458 0.270370
16 0.771354 0.285648 0.052083 0.200926
16 0.844010 0.225926 0.068229 0.198148
16 0.674479 0.215741 0.060417 0.170370
16 0.603385 0.262963 0.058854 0.192593
16 0.513021 0.235648 0.066667 0.152778
16 0.402344 0.205556 0.065104 0.183333
16 0.475781 0.087037 0.056771 0.148148
16 0.586458 0.108796 0.052083 0.130556
16 0.682552 0.114352 0.055729 0.134259
