16 0.282813 0.492130 0.108333 0.239815
16 0.133594 0.656019 0.149479 0.260185
16 0.436458 0.398148 0.092708 0.201852
16 0.550260 0.406481 0.079687 0.242593
16 0.542969 0.190741 0.075521 0.174074
16 0.769792 0.188426 0.065625 0.206481
16 0.712500 0.309259 0.057292 0.183333
16 0.696354 0.471759 0.100000 0.247222
16 0.658073 0.666204 0.084896 0.289815
16 0.892448 0.297685 0.083854 0.262037
16 0.501823 0.773148 0.078646 0.294444
16 0.366146 0.808796 0.098958 0.339815
16 0.817448 0.900926 0.117188 0.198148
