16 0.193750 0.443056 0.102083 0.225000
16 0.260417 0.655093 0.095833 0.262037
16 0.397135 0.354630 0.069271 0.209259
16 0.425260 0.184259 0.074479 0.183333
16 0.482812 0.065741 0.065625 0.129630
16 0.486979 0.356481 0.081250 0.209259
16 0.571615 0.442130 0.077604 0.234259
16 0.519271 0.195833 0.054167 0.175000
16 0.602604 0.225926 0.055208 0.179630
16 0.636719 0.317593 0.064062 0.211111
16 0.716146 0.358796 0.064583 0.226852
16 0.767188 0.258333 0.052083 0.183333
16 0.835156 0.212500 0.067187 0.213889
16 0.671354 0.190278 0.062500 0.149074
16 0.684896 0.089352 0.053125 0.132407
16 0.596875 0.088426 0.060417 0.145370
