16 0.162240 0.581019 0.124479 0.243519
16 0.163281 0.851852 0.167187 0.274074
16 0.358333 0.460185 0.093750 0.255556
16 0.465625 0.450463 0.091667 0.236111
16 0.552865 0.571759 0.091146 0.282407
16 0.632552 0.412500 0.055729 0.230556
16 0.711719 0.468056 0.096354 0.236111
16 0.773177 0.341204 0.081771 0.217593
16 0.858594 0.274537 0.069271 0.219444
16 0.667708 0.246759 0.042708 0.175000
16 0.593750 0.302315 0.047917 0.208333
16 0.498698 0.304167 0.093229 0.226852
16 0.384375 0.238889 0.068750 0.179630
16 0.455990 0.114352 0.068229 0.149074
16 0.587500 0.147685 0.054167 0.162037
16 0.676042 0.123611 0.048958 0.130556
