16 0.264323 0.437500 0.122396 0.239815
16 0.380990 0.283796 0.077604 0.212037
16 0.503906 0.197685 0.059896 0.187963
16 0.434635 0.504630 0.080729 0.261111
16 0.377083 0.771296 0.103125 0.298148
16 0.499740 0.876389 0.093229 0.236111
16 0.605469 0.673148 0.083854 0.283333
16 0.703906 0.799537 0.082812 0.339815
16 0.790365 0.615278 0.090104 0.282407
16 0.932292 0.616204 0.093750 0.291667
16 0.662500 0.444907 0.061458 0.232407
16 0.554948 0.513426 0.072396 0.258333
16 0.217969 0.861574 0.150521 0.245370
16 0.567187 0.264815 0.060417 0.207407
16 0.686458 0.277778 0.056250 0.181481
16 0.709115 0.182407 0.055729 0.164815
16 0.599479 0.081944 0.051042 0.141667
16 0.853646 0.163889 0.067708 0.168519
16 0.748437 0.066204 0.065625 0.128704
