16 0.154948 0.608796 0.126562 0.219444
16 0.137240 0.881019 0.140104 0.234259
16 0.352344 0.491667 0.073438 0.257407
16 0.464583 0.469907 0.087500 0.262037
16 0.552344 0.587037 0.096354 0.285185
16 0.626302 0.421759 0.072396 0.234259
16 0.719531 0.488426 0.072396 0.228704
16 0.771354 0.370370 0.090625 0.250000
16 0.866927 0.307407 0.085938 0.251852
16 0.587500 0.315741 0.056250 0.192593
16 0.670312 0.285648 0.064583 0.215741
16 0.491927 0.327315 0.083854 0.226852
16 0.373177 0.264815 0.076563 0.192593
16 0.449219 0.127778 0.063021 0.187037
16 0.583854 0.139352 0.048958 0.152778
16 0.547917 0.067130 0.058333 0.130556
16 0.708333 0.087963 0.054167 0.153704
16 0.681250 0.141204 0.051042 0.130556
