16 0.213542 0.436574 0.106250 0.215741
16 0.271615 0.617130 0.116146 0.262037
16 0.401302 0.346759 0.075521 0.217593
16 0.501823 0.335648 0.072396 0.195370
16 0.576302 0.419907 0.086979 0.237963
16 0.643229 0.297685 0.051042 0.206481
16 0.719792 0.342130 0.059375 0.219444
16 0.763542 0.235185 0.053125 0.172222
16 0.833333 0.170370 0.065625 0.188889
16 0.601562 0.207870 0.044792 0.147222
16 0.672917 0.178704 0.048958 0.161111
16 0.517708 0.186574 0.065625 0.137963
16 0.428646 0.156019 0.061458 0.145370
16 0.595313 0.079167 0.055208 0.139815
16 0.675000 0.078241 0.053125 0.134259
