16 0.338281 0.533796 0.072396 0.239815
16 0.134115 0.638889 0.119271 0.290741
16 0.451302 0.528241 0.065104 0.232407
16 0.537760 0.623611 0.082812 0.306481
16 0.624479 0.460648 0.050000 0.225000
16 0.707031 0.521759 0.082812 0.302778
16 0.773438 0.379167 0.062500 0.247222
16 0.871615 0.322685 0.089063 0.243519
16 0.583854 0.344907 0.055208 0.202778
16 0.663542 0.297685 0.061458 0.217593
16 0.483073 0.337500 0.067187 0.182407
16 0.354948 0.291204 0.084896 0.226852
16 0.439844 0.152315 0.071354 0.199074
16 0.541667 0.082407 0.043750 0.142593
16 0.582031 0.156019 0.058854 0.145370
16 0.672917 0.157870 0.069792 0.137963
16 0.702083 0.084259 0.050000 0.118519
16 0.828125 0.070833 0.067708 0.130556
