16 0.173177 0.835185 0.180729 0.283333
16 0.165885 0.546296 0.131771 0.229630
16 0.366406 0.459722 0.088021 0.230556
16 0.471094 0.449537 0.078646 0.234259
16 0.562500 0.554630 0.089583 0.288889
16 0.635677 0.418056 0.061979 0.237963
16 0.710156 0.459259 0.074479 0.257407
16 0.770312 0.329167 0.066667 0.219444
16 0.858594 0.269907 0.081771 0.228704
16 0.666406 0.243056 0.074479 0.175000
16 0.593750 0.296296 0.054167 0.187037
16 0.508073 0.294907 0.066146 0.208333
16 0.386979 0.234259 0.085417 0.181481
16 0.456771 0.102315 0.064583 0.169444
16 0.588542 0.125926 0.052083 0.161111
16 0.679688 0.126852 0.060417 0.174074
