16 0.158594 0.584722 0.119271 0.221296
16 0.145313 0.863889 0.150000 0.272222
16 0.350260 0.479167 0.118229 0.236111
16 0.464323 0.472685 0.081771 0.245370
16 0.551302 0.578704 0.092188 0.283333
16 0.632031 0.413426 0.056771 0.228704
16 0.590104 0.313889 0.059375 0.196296
16 0.497135 0.309259 0.073438 0.190741
16 0.386979 0.254167 0.104167 0.210185
16 0.457292 0.115741 0.067708 0.166667
16 0.591146 0.142130 0.059375 0.150926
16 0.666667 0.255556 0.051042 0.166667
16 0.713021 0.483796 0.052083 0.237963
16 0.767448 0.360648 0.076563 0.230556
16 0.859115 0.289352 0.084896 0.237963
16 0.683073 0.147685 0.045312 0.143519
