16 0.126562 0.890278 0.136458 0.219444
16 0.146615 0.607870 0.125521 0.221296
16 0.348177 0.504167 0.075521 0.225000
16 0.371094 0.269444 0.078646 0.198148
16 0.456771 0.498148 0.066667 0.216667
16 0.488021 0.304630 0.063542 0.207407
16 0.548698 0.600926 0.078646 0.264815
16 0.586979 0.331944 0.053125 0.217593
16 0.634115 0.440741 0.071354 0.264815
16 0.716927 0.517130 0.081771 0.262037
16 0.773958 0.381944 0.073958 0.223148
16 0.864844 0.308333 0.092188 0.203704
16 0.665625 0.273148 0.065625 0.179630
16 0.586979 0.160648 0.065625 0.162037
16 0.450781 0.141667 0.078646 0.188889
16 0.683594 0.159722 0.046354 0.152778
16 0.703385 0.085648 0.067187 0.143519
16 0.543750 0.068519 0.056250 0.135185
