16 0.211198 0.440278 0.079687 0.234259
16 0.281250 0.602778 0.096875 0.279630
16 0.409896 0.330556 0.080208 0.200000
16 0.504427 0.330093 0.065104 0.210185
16 0.579948 0.401389 0.079687 0.232407
16 0.641146 0.294907 0.057292 0.204630
16 0.716406 0.321296 0.066146 0.207407
16 0.758333 0.229630 0.058333 0.194444
16 0.830990 0.169444 0.073438 0.187037
16 0.673958 0.156019 0.048958 0.149074
16 0.606510 0.202315 0.056771 0.165741
16 0.525260 0.212037 0.066146 0.174074
16 0.439583 0.163889 0.070833 0.172222
16 0.596354 0.087037 0.038542 0.155556
16 0.677604 0.075463 0.045833 0.125000
