16 0.179688 0.514352 0.116667 0.226852
16 0.211458 0.778704 0.104167 0.312963
16 0.383333 0.420370 0.096875 0.270370
16 0.398698 0.207407 0.072396 0.194444
16 0.478906 0.405556 0.073438 0.220370
16 0.507292 0.258333 0.061458 0.179630
16 0.564583 0.493519 0.085417 0.253704
16 0.634375 0.376389 0.052083 0.226852
16 0.714583 0.422685 0.061458 0.239815
16 0.759115 0.309259 0.091146 0.209259
16 0.848958 0.233796 0.088542 0.217593
16 0.667708 0.230556 0.063542 0.177778
16 0.594792 0.277778 0.060417 0.185185
16 0.474740 0.100463 0.054688 0.162037
16 0.591667 0.124537 0.058333 0.132407
16 0.680208 0.112500 0.051042 0.145370
