16 0.247917 0.473611 0.110417 0.265741
16 0.367448 0.336574 0.083854 0.230556
16 0.424740 0.557870 0.096354 0.245370
16 0.534115 0.550926 0.088021 0.266667
16 0.603906 0.722685 0.080729 0.326852
16 0.664323 0.487500 0.068229 0.256481
16 0.691667 0.322222 0.064583 0.201852
16 0.565104 0.281481 0.088542 0.203704
16 0.483073 0.231481 0.069271 0.201852
16 0.590625 0.106944 0.062500 0.167593
16 0.753646 0.077778 0.067708 0.151852
16 0.861979 0.176852 0.059375 0.175926
16 0.786198 0.671759 0.088021 0.297222
16 0.937500 0.661574 0.104167 0.321296
16 0.708073 0.847685 0.086979 0.304630
16 0.481771 0.913889 0.104167 0.172222
16 0.360417 0.850463 0.100000 0.299074
16 0.198437 0.907407 0.121875 0.185185
